remove.clusters <- 
  list(
    CD45exp1_m1_1st =  c(4, 5, 6),
    CD45exp1_m2_1st = c(4, 5, 6, 7),
    GFPexp1_m1_1st = c(3, 4, 5),
    GFPexp1_m2_1st = c(3, 4, 5),
    CD45exp1_m1_2nd = c(3, 4, 5),
    CD45exp1_m2_2nd = c(3),
    GFPexp1_m1_2nd = c(),
    GFPexp1_m2_2nd = c()
  ) 